1880 -17
1881 -9
1882 -11
1883 -17
1884 -28
1885 -33
1886 -31
1887 -36
1888 -17
1889 -10
1890 -35
1891 -22
1892 -27
1893 -31
1894 -31
1895 -23
1896 -11
1897 -11
1898 -27
1899 -17
1900 -8
1901 -15
1902 -28
1903 -37
1904 -47
1905 -26
1906 -22
1907 -39
1908 -43
1909 -48
1910 -44
1911 -44
1912 -37
1913 -34
1914 -15
1915 -14
1916 -36
1917 -46
1918 -29
1919 -27
1920 -27
1921 -19
1922 -28
1923 -26
1924 -27
1925 -22
1926 -11
1927 -22
1928 -20
1929 -36
1930 -16
1931 -9
1932 -16
1933 -29
1934 -12
1935 -20
1936 -15
1937 -3
1938 0
1939 -2
1940 12
1941 18
1942 6
1943 9
1944 20
1945 9
1946 -7
1947 -3
1948 -11
1949 -11
1950 -17
1951 -7
1952 1
1953 8
1954 -13
1955 -14
1956 -19
1957 5
1958 6
1959 3
1960 -3
1961 6
1962 3
1963 5
1964 -20
1965 -11
1966 -6
1967 -2
1968 -8
1969 5
1970 3
1971 -8
1972 1
1973 16
1974 -7
1975 -1
1976 -10
1977 18
1978 7
1979 16
1980 26
1981 32
1982 14
1983 31
1984 16
1985 12
1986 18
1987 32
1988 39
1989 27
1990 45
1991 41
1992 22
1993 23
1994 31
1995 45
1996 33
1997 46
1998 61
1999 38
2000 39
2001 54
2002 63
2003 62
2004 53
2005 68
2006 64
2007 66
2008 54
2009 66
2010 72
2011 61
2012 65
2013 68
2014 74
2015 90
2016 101
2017 92
2018 85
2019 98
2020 101
2021 85
2022 89
2023 117
